25.0,	4.5,	4.5,	4.5,	4.5,	4.5,	4.5,	4.5,	4.5,	4.5,	4.5,	4.5,	4.5,	4.5
25.2,	4.5,	4.5,	4.5,	4.5,	4.5,	4.5,	4.5,	4.5,	4.5,	4.5,	4.5,	4.5,	4.5
25.4,	4.5,	4.5,	4.5,	4.5,	4.5,	4.5,	4.5,	4.5,	4.5,	4.5,	4.5,	4.5,	4.5
25.6,	14.8,	4.5,	4.5,	4.5,	4.5,	4.5,	4.5,	4.5,	4.5,	4.5,	4.5,	4.5,	4.5
25.8,	15.1,	4.5,	4.5,	4.5,	4.5,	4.5,	4.5,	4.5,	4.5,	4.5,	4.5,	4.5,	4.5
26.0,	15.5,	14.9,	4.5,	4.5,	4.5,	4.5,	4.5,	4.5,	4.5,	4.5,	4.5,	4.5,	4.5
26.2,	15.9,	15.3,	14.8,	4.5,	4.5,	4.5,	4.5,	4.5,	4.5,	4.5,	4.5,	4.5,	4.5
26.4,	16.3,	15.7,	15.1,	4.5,	4.5,	4.5,	4.5,	4.5,	4.5,	4.5,	4.5,	4.5,	4.5
26.6,	16.6,	16.0,	15.5,	14.9,	4.5,	4.5,	4.5,	4.5,	4.5,	4.5,	4.5,	4.5,	4.5
26.8,	17.0,	16.4,	15.8,	15.3,	14.7,	4.5,	4.5,	4.5,	4.5,	4.5,	4.5,	4.5,	4.5
27.0,	17.4,	16.8,	16.2,	15.6,	15.1,	4.5,	4.5,	4.5,	4.5,	4.5,	4.5,	4.5,	4.5
27.2,	17.8,	17.2,	16.6,	16.0,	15.4,	14.9,	4.5,	4.5,	4.5,	4.5,	4.5,	4.5,	4.5
27.4,	18.2,	17.5,	16.9,	16.3,	15.7,	15.2,	4.5,	4.5,	4.5,	4.5,	4.5,	4.5,	4.5
27.6,	18.6,	17.9,	17.3,	16.7,	16.1,	15.5,	15.0,	4.5,	4.5,	4.5,	4.5,	4.5,	4.5
27.8,	19.0,	18.3,	17.7,	17.0,	16.4,	15.8,	15.3,	14.7,	4.5,	4.5,	4.5,	4.5,	4.5
28.0,	19.4,	18.7,	18.0,	17.4,	16.8,	16.2,	15.6,	15.1,	4.5,	4.5,	4.5,	4.5,	4.5
28.2,	19.8,	19.1,	18.4,	17.8,	17.1,	16.5,	15.9,	15.4,	14.8,	4.5,	4.5,	4.5,	4.5
28.4,	20.2,	19.5,	18.8,	18.1,	17.5,	16.9,	16.3,	15.7,	15.1,	4.5,	4.5,	4.5,	4.5
28.6,	20.6,	19.9,	19.2,	18.5,	17.8,	17.2,	16.6,	16.0,	15.4,	14.9,	4.5,	4.5,	4.5
28.8,	21.0,	20.3,	19.6,	18.9,	18.2,	17.6,	16.9,	16.3,	15.7,	15.2,	4.5,	4.5,	4.5
29.0,	21.4,	20.7,	20.0,	19.2,	18.6,	17.9,	17.3,	16.6,	16.1,	15.5,	14.9,	4.5,	4.5
29.2,	21.9,	21.1,	20.3,	19.6,	18.9,	18.2,	17.6,	17.0,	16.4,	15.8,	15.2,	4.5,	4.5
29.4,	22.3,	21.5,	20.7,	20.0,	19.3,	18.6,	17.9,	17.3,	16.7,	16.1,	15.5,	15.0,	4.5
29.6,	22.7,	21.9,	21.1,	20.4,	19.7,	19.0,	18.3,	17.6,	17.0,	16.4,	15.8,	15.3,	4.5
29.8,	23.1,	22.3,	21.5,	20.8,	20.1,	19.4,	18.7,	18.0,	17.4,	16.8,	16.2,	15.6,	15.0
30.0,	23.6,	22.7,	21.9,	21.1,	20.4,	19.7,	19.0,	18.3,	17.6,	17.0,	16.4,	15.8,	15.3
30.2,	24.0,	23.1,	22.3,	21.5,	20.8,	20.0,	19.3,	18.6,	18.0,	17.3,	16.7,	16.1,	15.5
30.4,	24.4,	23.6,	22.7,	21.9,	21.1,	20.4,	19.7,	19.0,	18.3,	17.6,	17.0,	16.4,	15.8
30.6,	24.9,	24.0,	23.1,	22.3,	21.5,	20.7,	20.0,	19.3,	18.6,	17.9,	17.3,	16.7,	16.1
30.8,	25.3,	24.4,	23.5,	22.7,	21.9,	21.1,	20.4,	19.6,	18.9,	18.3,	17.6,	17.0,	16.4
31.0,	25.7,	24.8,	23.9,	23.1,	22.3,	21.5,	20.7,	20.0,	19.3,	18.6,	17.9,	17.3,	16.7
31.2,	26.2,	25.2,	24.3,	23.5,	22.6,	21.8,	21.1,	20.3,	19.6,	18.9,	18.2,	17.6,	16.9
31.4,	26.6,	25.7,	24.8,	23.9,	23.0,	22.2,	21.4,	20.7,	19.9,	19.2,	18.5,	17.9,	17.2
31.6,	27.0,	26.1,	25.2,	24.3,	23.4,	22.6,	21.8,	21.0,	20.2,	19.5,	18.8,	18.2,	17.5
31.8,	27.5,	26.5,	25.6,	24.7,	23.8,	22.9,	22.1,	21.3,	20.6,	19.8,	19.1,	18.5,	17.8
32.0,	27.9,	26.9,	26.0,	25.1,	24.2,	23.3,	22.5,	21.7,	20.9,	20.2,	19.5,	18.8,	18.1
32.2,	28.4,	27.4,	26.4,	25.5,	24.6,	23.7,	22.8,	22.0,	21.2,	20.5,	19.8,	19.1,	18.4
32.4,	28.8,	27.8,	26.8,	25.9,	24.9,	24.1,	23.2,	22.4,	21.6,	20.8,	20.1,	19.4,	18.7
32.6,	29.3,	28.2,	27.2,	26.3,	25.3,	24.4,	23.6,	22.7,	21.9,	21.1,	20.4,	19.7,	19.0
32.8,	29.7,	28.7,	27.7,	26.7,	25.7,	24.8,	23.9,	23.1,	22.3,	21.5,	20.7,	20.0,	19.3
33.0,	30.2,	29.1,	28.1,	27.1,	26.1,	25.2,	24.3,	23.4,	22.6,	21.8,	21.0,	20.3,	19.6
33.2,	30.6,	29.5,	28.5,	27.5,	26.5,	25.6,	24.7,	23.8,	22.9,	22.1,	21.3,	20.6,	19.8
33.4,	31.1,	30.0,	28.9,	27.9,	26.9,	25.9,	25.0,	24.1,	23.3,	22.5,	21.7,	20.9,	20.1
33.6,	31.5,	30.4,	29.3,	28.3,	27.3,	26.3,	25.4,	24.5,	23.6,	22.8,	22.0,	21.2,	20.4
33.8,	32.0,	30.9,	29.8,	28.7,	27.7,	26.7,	25.8,	24.8,	24.0,	23.1,	22.3,	21.5,	20.7
34.0,	32.5,	31.3,	30.2,	29.1,	28.1,	27.1,	26.1,	25.2,	24.3,	23.4,	22.6,	21.8,	21.0
34.2,	32.9,	31.8,	30.6,	29.5,	28.5,	27.5,	26.5,	25.6,	24.6,	23.8,	22.9,	22.1,	21.3
34.4,	33.4,	32.2,	31.1,	29.9,	28.9,	27.9,	26.9,	25.9,	25.0,	24.1,	23.2,	22.4,	21.6
34.6,	33.8,	32.6,	31.5,	30.4,	29.3,	28.2,	27.2,	26.3,	25.3,	24.4,	23.6,	22.7,	21.9
34.8,	34.3,	33.1,	31.9,	30.8,	29.7,	28.6,	27.6,	26.6,	25.7,	24.8,	23.9,	23.0,	22.2
35.0,	34.8,	33.5,	32.3,	31.2,	30.1,	29.0,	28.0,	27.0,	26.0,	25.1,	24.2,	23.4,	22.5
35.2,	35.2,	34.0,	32.8,	31.6,	30.5,	29.4,	28.4,	27.4,	26.4,	25.4,	24.5,	23.7,	22.8
35.4,	35.7,	34.4,	33.2,	32.0,	30.9,	29.8,	28.7,	27.7,	26.7,	25.8,	24.9,	24.0,	23.1
35.6,	36.2,	34.9,	33.6,	32.4,	31.3,	30.2,	29.1,	28.1,	27.1,	26.1,	25.2,	24.3,	23.4
35.8,	36.6,	35.3,	34.1,	32.9,	31.7,	30.6,	29.5,	28.4,	27.4,	26.5,	25.5,	24.6,	23.7
36.0,	37.1,	35.8,	34.5,	33.3,	32.1,	31.0,	29.9,	28.8,	27.8,	26.8,	26.0,	24.9,	24.0
36.2,	37.6,	26.2,	34.9,	33.7,	32.5,	31.4,	30.2,	29.2,	28.1,	27.1,	26.2,	25.2,	24.3
36.4,	38.0,	36.7,	35.4,	34.1,	32.9,	31.7,	30.6,	29.5,	28.5,	27.5,	26.5,	25.5,	24.6
36.6,	38.5,	37.1,	35.8,	34.5,	33.3,	32.1,	31.0,	29.9,	28.8,	27.8,	26.8,	25.9,	24.9
36.8,	39.0,	37.6,	36.3,	35.0,	33.7,	32.5,	31.4,	30.3,	29.2,	28.1,	27.1,	26.2,	25.2
37.0,	39.4,	38.0,	36.7,	35.4,	34.1,	32.9,	31.8,	30.6,	29.5,	28.5,	27.5,	26.5,	25.6
37.2,	39.9,	38.5,	37.1,	35.8,	34.5,	33.3,	32.1,	31.0,	30.0,	28.8,	27.8,	26.8,	25.9
37.4,	40.4,	39.0,	37.6,	36.2,	34.9,	33.7,	32.5,	31.4,	30.2,	29.2,	28.1,	27.1,	26.2
37.6,	40.9,	39.4,	38.0,	36.7,	35.4,	34.1,	32.9,	31.7,	30.6,	29.5,	28.5,	27.4,	26.5
37.8,	41.3,	39.9,	38.5,	37.1,	35.8,	34.5,	33.3,	32.1,	30.9,	29.8,	28.8,	27.7,	26.8
38.0,	41.8,	40.3,	38.9,	37.5,	36.2,	35.0,	33.7,	32.5,	31.3,	30.2,	29.1,	28.1,	27.1
38.2,	42.3,	40.8,	39.3,	38.0,	36.6,	35.3,	34.0,	32.8,	31.7,	30.5,	29.4,	28.4,	27.4
38.4,	42.8,	41.2,	39.8,	38.4,	37.0,	35.7,	34.4,	33.2,	32.0,	30.9,	29.8,	28.7,	27.7
38.6,	43.2,	41.7,	40.2,	38.8,	37.4,	36.1,	34.8,	33.6,	32.4,	31.2,	30.1,	29.0,	28.0
38.8,	43.7,	42.2,	40.7,	39.2,	37.8,	36.5,	35.2,	33.9,	32.7,	31.6,	30.4,	29.4,	28.3
39.0,	44.2,	42.6,	41.1,	39.6,	38.2,	36.9,	35.6,	34.3,	33.1,	31.9,	30.8,	29.7,	28.6
39.2,	44.7,	43.1,	41.5,	40.1,	38.6,	37.3,	35.9,	34.7,	33.4,	32.2,	31.1,	30.0,	28.9
39.4,	45.1,	43.5,	42.0,	40.5,	39.0,	37.7,	36.3,	35.0,	33.8,	32.6,	31.4,	30.3,	29.2
39.6,	45.6,	44.0,	42.4,	40.9,	39.5,	38.1,	36.7,	35.4,	34.1,	32.9,	31.8,	30.6,	29.5
39.8,	46.1,	44.4,	42.9,	41.3,	39.9,	38.5,	37.1,	35.8,	34.5,	33.3,	32.1,	30.9,	29.8
40.0,	46.6,	44.9,	43.3,	41.8,	40.3,	38.9,	37.5,	36.1,	34.9,	33.6,	32.4,	31.3,	30.2
40.2,	47.0,	45.4,	43.7,	42.2,	40.7,	39.2,	37.9,	36.5,	35.2,	34.0,	32.8,	31.6,	30.5
40.4,	47.5,	45.8,	44.2,	42.6,	41.1,	39.6,	38.2,	36.9,	35.6,	34.3,	33.1,	31.9,	30.8
40.6,	48.0,	46.3,	44.6,	43.0,	41.5,	40.0,	38.6,	37.2,	35.9,	34.6,	33.4,	32.2,	31.1
40.8,	48.5,	46.7,	45.1,	43.5,	41.9,	40.4,	39.0,	37.6,	36.3,	35.0,	33.7,	32.5,	31.4
41.0,	48.9,	47.2,	45.5,	43.9,	42.3,	40.8,	39.4,	38.0,	36.6,	35.3,	34.1,	32.9,	31.7
41.2,	49.4,	47.7,	46.0,	44.3,	42.8,	41.2,	39.8,	38.4,	37.0,	35.7,	34.4,	33.2,	32.0
41.4,	49.9,	48.1,	46.4,	44.8,	43.2,	41.6,	40.2,	38.7,	37.3,	36.0,	34.7,	33.5,	32.3
41.6,	50.4,	48.6,	46.8,	45.2,	43.6,	42.0,	40.5,	39.1,	37.7,	36.4,	35.1,	33.8,	32.6
41.8,	50.8,	49.0,	47.3,	45.6,	44.0,	42.4,	40.9,	39.5,	38.1,	36.7,	35.4,	34.1,	32.9
42.0,	51.3,	49.5,	47.7,	46.0,	44.4,	42.8,	41.3,	39.8,	38.4,	37.1,	35.7,	34.5,	33.2
42.2,	51.8,	49.9,	48.2,	46.5,	44.8,	43.2,	41.7,	40.2,	38.8,	37.4,	36.1,	34.8,	33.5
42.4,	52.3,	50.4,	48.6,	47.0,	45.2,	43.6,	42.1,	40.6,	39.1,	37.7,	36.4,	35.1,	33.9
42.6,	52.7,	50.9,	49.1,	47.3,	45.6,	44.0,	42.4,	40.9,	39.5,	38.1,	36.7,	35.4,	34.2
42.8,	53.2,	51.3,	49.5,	47.7,	46.0,	44.4,	42.8,	41.3,	39.8,	38.4,	37.1,	35.7,	34.5
43.0,	53.7,	51.8,	49.9,	48.2,	46.5,	44.8,	43.2,	41.7,	40.2,	38.8,	37.4,	36.1,	34.8
43.2,	54.2,	52.2,	50.4,	48.6,	46.9,	45.2,	43.6,	42.0,	40.5,	39.1,	37.7,	36.4,	35.1
43.4,	54.6,	52.7,	50.8,	49.0,	47.3,	45.6,	44.0,	42.4,	40.9,	39.5,	38.0,	36.7,	35.4
43.6,	55.1,	53.2,	51.3,	49.4,	47.7,	46.0,	44.4,	42.8,	41.3,	39.8,	38.4,	37.0,	35.7
43.8,	55.6,	53.6,	51.7,	49.9,	48.1,	46.4,	44.7,	43.1,	41.6,	40.1,	38.7,	37.3,	36.0
44.0,	56.1,	54.1,	52.1,	50.3,	48.5,	46.8,	45.1,	43.5,	42.0,	40.5,	39.0,	37.7,	36.3
44.2,	56.5,	54.5,	52.6,	50.7,	48.9,	47.2,	45.5,	43.9,	42.3,	40.8,	39.4,	38.0,	36.6
44.4,	57.0,	55.0,	53.0,	51.1,	49.3,	47.6,	45.9,	44.2,	42.7,	41.2,	39.7,	38.3,	36.9
44.6,	57.5,	55.4,	53.5,	51.6,	49.7,	48.0,	46.3,	44.6,	43.0,	41.5,	40.0,	38.6,	37.2
44.8,	57.9,	55.9,	53.9,	52.0,	50.1,	48.4,	46.6,	45.0,	43.4,	41.8,	40.4,	38.9,	37.5
45.0,	58.4,	56.3,	54.3,	52.4,	50.5,	48.8,	47.0,	45.3,	43.7,	42.2,	40.7,	39.2,	37.8
45.2,	58.9,	56.8,	54.8,	52.8,	51.0,	49.1,	47.4,	45.7,	44.1,	42.5,	41.0,	39.6,	38.1
45.4,	59.4,	57.3,	55.2,	53.3,	51.4,	49.6,	47.8,	46.1,	44.4,	42.9,	41.3,	39.9,	38.5
45.6,	59.8,	57.7,	55.7,	53.7,	51.8,	49.9,	48.2,	46.4,	44.8,	43.2,	41.7,	40.2,	38.8
45.8,	60.3,	58.2,	56.1,	54.1,	52.2,	50.3,	48.5,	46.8,	45.1,	43.5,	42.0,	40.5,	39.1
46.0,	60.8,	58.6,	56.5,	54.5,	52.6,	50.7,	48.9,	47.2,	45.5,	43.9,	42.3,	40.8,	39.4
46.2,	61.2,	59.1,	57.0,	54.9,	53.0,	51.1,	49.3,	47.5,	45.8,	44.2,	42.6,	41.1,	39.7
46.4,	61.7,	59.5,	57.4,	55.4,	53.4,	51.5,	49.7,	47.9,	46.2,	44.6,	43.0,	41.4,	40.0
46.6,	62.2,	60.0,	57.8,	55.8,	53.8,	51.9,	50.0,	48.3,	46.6,	44.9,	43.3,	41.8,	40.3
46.8,	62.6,	60.4,	58.3,	56.2,	54.2,	52.3,	50.4,	48.6,	46.9,	45.2,	43.6,	42.1,	40.6
47.0,	63.1,	60.9,	58.7,	56.6,	54.6,	52.7,	50.8,	49.0,	47.3,	45.6,	44.0,	42.4,	40.9
47.2,	63.6,	61.3,	59.1,	57.0,	55.0,	53.1,	51.2,	49.4,	47.6,	45.9,	44.3,	42.7,	41.2
47.4,	64.0,	61.8,	59.6,	57.5,	55.4,	53.4,	51.5,	49.7,	47.9,	46.2,	44.6,	43.0,	41.5
47.6,	64.5,	62.2,	60.0,	57.9,	55.8,	53.8,	51.9,	50.1,	48.3,	46.6,	44.9,	43.3,	41.8
47.8,	65.0,	62.7,	60.4,	58.3,	56.2,	54.2,	52.3,	50.4,	48.6,	46.9,	45.2,	43.6,	42.1
48.0,	65.4,	63.1,	60.9,	58.7,	56.6,	54.6,	52.7,	50.8,	49.0,	47.3,	45.6,	44.0,	42.4
48.2,	65.9,	63.6,	61.3,	59.1,	57.0,	55.0,	53.0,	51.2,	49.3,	47.6,	45.9,	44.3,	42.7
48.4,	66.4,	64.0,	61.7,	59.5,	57.4,	55.4,	53.4,	51.5,	49.7,	47.9,	46.2,	44.6,	43.0
48.6,	66.8,	64.5,	62.2,	60.0,	57.8,	55.8,	53.8,	51.9,	50.0,	48.3,	46.5,	44.9,	43.3
48.8,	67.3,	64.9,	62.6,	60.4,	58.2,	56.2,	54.2,	52.2,	50.4,	48.6,	46.9,	45.2,	43.6
49.0,	67.8,	65.3,	63.0,	60.8,	58.6,	56.5,	54.5,	52.6,	50.7,	48.9,	47.2,	45.5,	43.9
49.2,	68.2,	65.8,	63.5,	61.2,	59.0,	56.9,	54.9,	53.0,	51.1,	49.3,	47.5,	45.8,	44.2
49.4,	68.7,	66.2,	63.9,	61.6,	59.4,	57.3,	55.3,	53.3,	51.4,	49.6,	47.8,	46.1,	44.5
49.6,	69.1,	66.7,	64.3,	62.0,	59.8,	57.7,	55.6,	53.7,	51.8,	49.9,	48.1,	46.4,	44.8
49.8,	69.6,	67.1,	64.7,	62.4,	60.2,	58.1,	56.0,	54.0,	52.1,	50.3,	48.5,	46.7,	45.1
50.0,	70.1,	67.6,	65.2,	62.8,	60.6,	58.5,	56.4,	54.4,	52.4,	50.6,	48.8,	47.1,	45.4
50.2,	70.5,	68.0,	65.6,	63.3,	61.0,	58.8,	56.8,	54.7,	52.8,	50.9,	49.1,	47.4,	45.7
50.4,	71.0,	68.4,	66.0,	63.7,	61.4,	59.2,	57.1,	55.1,	53.1,	51.2,	49.4,	47.7,	46.0
50.6,	71.4,	68.9,	66.4,	64.1,	61.8,	59.6,	57.5,	55.4,	53.5,	51.6,	49.7,	48.0,	46.3
50.8,	71.9,	69.3,	66.9,	64.5,	62.2,	60.0,	57.9,	55.8,	53.8,	51.9,	50.1,	48.3,	46.6
51.0,	72.3,	69.8,	67.3,	64.9,	62.6,	60.4,	58.2,	56.2,	54.2,	52.2,	50.4,	48.6,	46.9
51.2,	72.8,	70.2,	67.7,	65.3,	63.0,	60.7,	58.6,	56.5,	54.5,	52.6,	50.7,	48.9,	47.2
51.4,	73.2,	70.6,	68.1,	65.7,	63.4,	61.1,	59.0,	56.9,	54.8,	52.9,	51.0,	49.2,	47.4
51.6,	73.7,	71.1,	68.6,	66.1,	63.8,	61.5,	59.3,	57.2,	55.2,	53.2,	51.3,	49.5,	47.7
51.8,	74.1,	71.5,	69.0,	66.5,	64.2,	61.9,	59.7,	57.6,	55.5,	53.5,	51.6,	49.8,	48.0
52.0,	74.6,	71.9,	69.4,	66.9,	64.5,	62.3,	60.0,	57.9,	55.8,	53.9,	52.0,	50.1,	48.3
52.2,	75.1,	72.4,	69.8,	67.3,	64.9,	62.6,	60.4,	58.3,	56.2,	54.2,	52.3,	50.4,	48.6
52.4,	75.5,	72.8,	70.2,	67.7,	65.3,	63.0,	60.8,	58.6,	56.5,	54.5,	52.6,	50.7,	48.9
52.6,	76.0,	73.3,	70.6,	68.1,	65.7,	63.4,	61.1,	59.0,	56.9,	54.8,	52.9,	51.0,	49.2
52.8,	76.4,	73.7,	71.1,	68.5,	66.1,	63.8,	61.5,	59.3,	57.2,	55.2,	53.2,	51.3,	49.5
53.0,	76.8,	74.1,	71.5,	68.9,	66.5,	64.1,	61.8,	59.7,	57.5,	55.5,	53.5,	51.7,	49.8
53.2,	77.3,	74.5,	71.9,	69.3,	66.9,	64.5,	62.2,	60.0,	57.9,	55.8,	53.8,	51.9,	50.1
53.4,	77.7,	75.0,	72.3,	69.7,	67.3,	64.9,	62.6,	60.3,	58.2,	56.1,	54.1,	52.2,	50.4
53.6,	78.2,	75.4,	72.7,	70.1,	67.6,	65.2,	62.9,	60.7,	58.5,	56.5,	54.4,	52.5,	50.6
53.8,	78.6,	75.8,	73.1,	70.5,	68.0,	65.6,	63.3,	61.0,	58.9,	56.8,	54.8,	52.8,	50.9
54.0,	79.1,	76.3,	73.6,	70.9,	68.4,	66.0,	63.6,	61.4,	59.2,	57.1,	55.1,	53.1,	51.2
54.2,	79.5,	76.7,	74.0,	71.3,	68.8,	66.4,	64.0,	61.7,	59.5,	57.4,	55.4,	53.4,	51.5
54.4,	80.0,	77.1,	74.4,	71.7,	69.2,	66.7,	64.4,	62.1,	59.9,	57.7,	55.7,	53.7,	51.8
54.6,	99.9,	77.5,	74.8,	72.1,	69.6,	67.1,	64.7,	62.4,	60.2,	58.1,	56.0,	54.0,	52.1
54.8,	99.9,	78.0,	75.2,	72.5,	69.9,	67.5,	65.1,	62.7,	60.5,	58.4,	56.3,	54.3,	52.4
55.0,	99.9,	78.4,	75.6,	72.9,	70.3,	67.8,	65.4,	63.1,	60.8,	58.7,	56.6,	54.6,	52.6
55.2,	99.9,	78.8,	76.0,	73.3,	70.7,	68.2,	65.8,	63.4,	61.2,	59.0,	56.9,	54.9,	52.9
55.4,	99.9,	79.2,	76.4,	73.7,	71.1,	68.6,	66.1,	63.8,	61.5,	59.3,	57.2,	55.2,	53.2
55.6,	99.9,	79.7,	76.8,	74.1,	71.5,	68.9,	66.5,	64.1,	61.8,	59.6,	57.5,	55.5,	53.5
55.8,	99.9,	80.1,	77.2,	74.5,	71.8,	69.3,	66.8,	64.4,	62.2,	59.9,	57.8,	55.8,	53.8
56.0,	99.9,	99.9,	77.6,	74.8,	72.2,	69.6,	67.2,	64.8,	62.5,	60.3,	58.1,	56.1,	54.1
56.2,	99.9,	99.9,	78.0,	75.3,	72.6,	70.0,	67.5,	65.1,	62.8,	60.6,	58.4,	56.3,	54.3
56.4,	99.9,	99.9,	78.4,	75.7,	73.0,	70.4,	67.9,	65.5,	63.1,	60.9,	58.7,	56.6,	54.6
56.6,	99.9,	99.9,	78.8,	76.0,	73.3,	70.7,	68.2,	65.8,	63.5,	61.2,	59.0,	56.9,	54.9
56.8,	99.9,	99.9,	79.2,	76.4,	73.7,	71.1,	68.6,	66.1,	64.0,	61.5,	59.3,	57.2,	55.2
57.0,	99.9,	99.9,	79.6,	76.8,	74.1,	71.5,	68.9,	66.5,	64.1,	61.8,	59.6,	57.5,	55.5
57.2,	99.9,	99.9,	80.1,	77.2,	74.5,	71.8,	69.3,	66.8,	64.4,	62.2,	59.9,	57.8,	55.7
57.4,	99.9,	99.9,	99.9,	77.6,	74.8,	72.2,	69.6,	67.1,	64.7,	62.4,	60.2,	58.1,	56.0
57.6,	99.9,	99.9,	99.9,	78.0,	75.2,	72.5,	70.0,	67.5,	65.1,	62.8,	60.5,	58.4,	56.3
57.8,	99.9,	99.9,	99.9,	78.4,	75.6,	72.9,	70.3,	67.8,	65.4,	63.1,	60.8,	58.7,	56.6
58.0,	99.9,	99.9,	99.9,	78.7,	75.9,	73.2,	70.6,	68.1,	65.7,	63.4,	61.1,	58.9,	56.9
58.2,	99.9,	99.9,	99.9,	79.1,	76.3,	73.6,	71.0,	68.5,	66.0,	63.7,	61.4,	59.2,	57.1
58.4,	99.9,	99.9,	99.9,	79.5,	76.7,	74.0,	71.3,	68.8,	66.3,	64.0,	61.7,	59.5,	57.4
58.6,	99.9,	99.9,	99.9,	79.9,	77.0,	74.3,	71.7,	69.1,	66.7,	64.3,	62.0,	59.8,	57.7
58.8,	99.9,	99.9,	99.9,	80.3,	77.4,	74.7,	72.0,	69.4,	67.0,	64.6,	62.3,	60.1,	58.0
59.0,	99.9,	99.9,	99.9,	99.9,	77.8,	75.0,	72.3,	69.8,	67.3,	64.9,	62.6,	60.4,	58.2
59.2,	99.9,	99.9,	99.9,	99.9,	78.1,	75.4,	72.7,	70.1,	67.6,	65.2,	62.9,	60.7,	58.5
59.4,	99.9,	99.9,	99.9,	99.9,	78.5,	75.7,	73.0,	70.4,	67.9,	65.5,	63.2,	60.9,	58.8
59.6,	99.9,	99.9,	99.9,	99.9,	78.9,	76.1,	73.4,	70.8,	68.2,	65.8,	63.5,	61.2,	59.0
59.8,	99.9,	99.9,	99.9,	99.9,	79.2,	76.4,	73.7,	71.1,	68.6,	66.1,	63.4,	61.5,	59.3
60.0,	99.9,	99.9,	99.9,	99.9,	79.6,	76.8,	74.0,	71.4,	68.9,	66.4,	64.1,	61.8,	59.6
60.2,	99.9,	99.9,	99.9,	99.9,	80.0,	77.1,	74.4,	71.7,	69.2,	66.7,	64.4,	62.1,	59.9
60.4,	99.9,	99.9,	99.9,	99.9,	99.9,	77.5,	74.7,	72.1,	69.5,	67.0,	64.6,	62.3,	60.1
60.6,	99.9,	99.9,	99.9,	99.9,	99.9,	77.8,	75.0,	72.4,	69.8,	67.3,	64.9,	62.6,	60.4
60.8,	99.9,	99.9,	99.9,	99.9,	99.9,	78.2,	75.4,	72.7,	70.1,	67.6,	65.2,	62.9,	60.7
61.0,	99.9,	99.9,	99.9,	99.9,	99.9,	78.5,	75.7,	73.0,	70.4,	67.9,	65.5,	63.2,	60.9
61.2,	99.9,	99.9,	99.9,	99.9,	99.9,	78.8,	76.0,	73.3,	70.7,	68.2,	65.8,	63.5,	61.2
61.4,	99.9,	99.9,	99.9,	99.9,	99.9,	79.2,	76.4,	73.7,	71.0,	68.5,	66.1,	63.7,	61.5
61.6,	99.9,	99.9,	99.9,	99.9,	99.9,	79.5,	76.7,	74.0,	71.3,	68.8,	66.4,	64.0,	61.7
61.8,	99.9,	99.9,	99.9,	99.9,	99.9,	79.9,	77.0,	74.3,	71.7,	69.1,	66.7,	64.3,	62.0
62.0,	99.9,	99.9,	99.9,	99.9,	99.9,	80.2,	77.4,	74.6,	72.0,	69.4,	66.9,	64.6,	62.3
62.2,	99.9,	99.9,	99.9,	99.9,	99.9,	99.9,	77.7,	74.9,	72.3,	69.7,	67.2,	64.8,	62.5
62.4,	99.9,	99.9,	99.9,	99.9,	99.9,	99.9,	78.0,	75.2,	72.6,	70.0,	67.5,	65.1,	62.8
62.6,	99.9,	99.9,	99.9,	99.9,	99.9,	99.9,	78.3,	75.6,	72.9,	70.3,	67.8,	65.4,	63.1
62.8,	99.9,	99.9,	99.9,	99.9,	99.9,	99.9,	78.7,	75.9,	73.2,	70.6,	68.1,	65.7,	63.3
63.0,	99.9,	99.9,	99.9,	99.9,	99.9,	99.9,	79.0,	76.2,	73.5,	70.9,	68.4,	65.9,	63.6
63.2,	99.9,	99.9,	99.9,	99.9,	99.9,	99.9,	79.3,	76.5,	73.8,	71.2,	68.6,	66.2,	63.8
63.4,	99.9,	99.9,	99.9,	99.9,	99.9,	99.9,	79.6,	76.8,	74.1,	71.5,	68.9,	66.5,	64.1
63.6,	99.9,	99.9,	99.9,	99.9,	99.9,	99.9,	80.0,	77.1,	74.4,	71.7,	69.2,	66.7,	64.4
63.8,	99.9,	99.9,	99.9,	99.9,	99.9,	99.9,	99.9,	77.4,	74.7,	72.0,	69.5,	67.0,	64.6
64.0,	99.9,	99.9,	99.9,	99.9,	99.9,	99.9,	99.9,	77.8,	75.0,	72.3,	69.8,	67.3,	64.9
64.2,	99.9,	99.9,	99.9,	99.9,	99.9,	99.9,	99.9,	78.1,	75.3,	72.6,	70.0,	67.5,	65.1
64.4,	99.9,	99.9,	99.9,	99.9,	99.9,	99.9,	99.9,	78.4,	75.6,	72.9,	70.3,	67.8,	65.4
64.6,	99.9,	99.9,	99.9,	99.9,	99.9,	99.9,	99.9,	78.7,	75.9,	73.2,	70.6,	68.1,	65.7
64.8,	99.9,	99.9,	99.9,	99.9,	99.9,	99.9,	99.9,	79.0,	76.2,	73.5,	70.9,	68.3,	65.9
65.0,	99.9,	99.9,	99.9,	99.9,	99.9,	99.9,	99.9,	79.3,	76.5,	73.8,	71.1,	68.6,	66.2
65.2,	99.9,	99.9,	99.9,	99.9,	99.9,	99.9,	99.9,	79.6,	76.8,	74.0,	71.4,	68.9,	66.4
65.4,	99.9,	99.9,	99.9,	99.9,	99.9,	99.9,	99.9,	79.9,	77.1,	74.3,	71.7,	69.1,	66.7
65.6,	99.9,	99.9,	99.9,	99.9,	99.9,	99.9,	99.9,	80.2,	77.4,	74.6,	72.0,	69.4,	66.9
65.8,	99.9,	99.9,	99.9,	99.9,	99.9,	99.9,	99.9,	99.9,	77.7,	74.9,	72.2,	69.7,	67.2
66.0,	99.9,	99.9,	99.9,	99.9,	99.9,	99.9,	99.9,	99.9,	77.9,	75.2,	72.5,	69.9,	67.4
66.2,	99.9,	99.9,	99.9,	99.9,	99.9,	99.9,	99.9,	99.9,	78.2,	75.5,	72.8,	70.2,	67.7
66.4,	99.9,	99.9,	99.9,	99.9,	99.9,	99.9,	99.9,	99.9,	78.5,	75.7,	73.0,	70.5,	67.9
66.6,	99.9,	99.9,	99.9,	99.9,	99.9,	99.9,	99.9,	99.9,	78.8,	76.0,	73.3,	70.7,	68.2
66.8,	99.9,	99.9,	99.9,	99.9,	99.9,	99.9,	99.9,	99.9,	79.1,	76.3,	73.6,	71.0,	68.5
67.0,	99.9,	99.9,	99.9,	99.9,	99.9,	99.9,	99.9,	99.9,	79.4,	76.6,	73.9,	71.2,	68.7
67.2,	99.9,	99.9,	99.9,	99.9,	99.9,	99.9,	99.9,	99.9,	79.7,	76.9,	74.1,	71.5,	69.0
67.4,	99.9,	99.9,	99.9,	99.9,	99.9,	99.9,	99.9,	99.9,	80.0,	77.1,	74.4,	71.8,	69.2
67.6,	99.9,	99.9,	99.9,	99.9,	99.9,	99.9,	99.9,	99.9,	99.9,	77.4,	74.7,	72.0,	69.4
67.8,	99.9,	99.9,	99.9,	99.9,	99.9,	99.9,	99.9,	99.9,	99.9,	77.7,	74.9,	72.3,	69.7
68.0,	99.9,	99.9,	99.9,	99.9,	99.9,	99.9,	99.9,	99.9,	99.9,	78.0,	75.2,	72.5,	69.9
68.2,	99.9,	99.9,	99.9,	99.9,	99.9,	99.9,	99.9,	99.9,	99.9,	78.2,	75.5,	72.8,	70.2
68.4,	99.9,	99.9,	99.9,	99.9,	99.9,	99.9,	99.9,	99.9,	99.9,	78.5,	75.7,	73.0,	70.4
68.6,	99.9,	99.9,	99.9,	99.9,	99.9,	99.9,	99.9,	99.9,	99.9,	78.8,	76.0,	73.3,	70.7
68.8,	99.9,	99.9,	99.9,	99.9,	99.9,	99.9,	99.9,	99.9,	99.9,	79.1,	76.3,	73.5,	70.9
69.0,	99.9,	99.9,	99.9,	99.9,	99.9,	99.9,	99.9,	99.9,	99.9,	79.3,	76.5,	73.8,	71.2
69.2,	99.9,	99.9,	99.9,	99.9,	99.9,	99.9,	99.9,	99.9,	99.9,	79.6,	76.8,	74.0,	71.4
69.4,	99.9,	99.9,	99.9,	99.9,	99.9,	99.9,	99.9,	99.9,	99.9,	79.9,	77.0,	74.3,	71.7
69.6,	99.9,	99.9,	99.9,	99.9,	99.9,	99.9,	99.9,	99.9,	99.9,	80.1,	77.3,	74.6,	71.9
69.8,	99.9,	99.9,	99.9,	99.9,	99.9,	99.9,	99.9,	99.9,	99.9,	99.9,	77.6,	74.8,	72.1
70.0,	99.9,	99.9,	99.9,	99.9,	99.9,	99.9,	99.9,	99.9,	99.9,	99.9,	77.8,	75.1,	72.4
70.2,	99.9,	99.9,	99.9,	99.9,	99.9,	99.9,	99.9,	99.9,	99.9,	99.9,	78.1,	75.3,	72.6
70.4,	99.9,	99.9,	99.9,	99.9,	99.9,	99.9,	99.9,	99.9,	99.9,	99.9,	78.3,	75.6,	72.9
70.6,	99.9,	99.9,	99.9,	99.9,	99.9,	99.9,	99.9,	99.9,	99.9,	99.9,	78.6,	75.8,	73.1
70.8,	99.9,	99.9,	99.9,	99.9,	99.9,	99.9,	99.9,	99.9,	99.9,	99.9,	78.9,	76.1,	73.3
71.0,	99.9,	99.9,	99.9,	99.9,	99.9,	99.9,	99.9,	99.9,	99.9,	99.9,	79.1,	76.3,	73.6
71.2,	99.9,	99.9,	99.9,	99.9,	99.9,	99.9,	99.9,	99.9,	99.9,	99.9,	79.4,	76.5,	73.8
71.4,	99.9,	99.9,	99.9,	99.9,	99.9,	99.9,	99.9,	99.9,	99.9,	99.9,	79.6,	76.8,	74.1
71.6,	99.9,	99.9,	99.9,	99.9,	99.9,	99.9,	99.9,	99.9,	99.9,	99.9,	79.9,	77.0,	74.3
71.8,	99.9,	99.9,	99.9,	99.9,	99.9,	99.9,	99.9,	99.9,	99.9,	99.9,	80.1,	77.3,	74.5
72.0,	99.9,	99.9,	99.9,	99.9,	99.9,	99.9,	99.9,	99.9,	99.9,	99.9,	99.9,	77.5,	74.8
72.2,	99.9,	99.9,	99.9,	99.9,	99.9,	99.9,	99.9,	99.9,	99.9,	99.9,	99.9,	77.8,	75.0
72.4,	99.9,	99.9,	99.9,	99.9,	99.9,	99.9,	99.9,	99.9,	99.9,	99.9,	99.9,	78.0,	75.2
72.6,	99.9,	99.9,	99.9,	99.9,	99.9,	99.9,	99.9,	99.9,	99.9,	99.9,	99.9,	78.3,	75.5
72.8,	99.9,	99.9,	99.9,	99.9,	99.9,	99.9,	99.9,	99.9,	99.9,	99.9,	99.9,	78.5,	75.7
73.0,	99.9,	99.9,	99.9,	99.9,	99.9,	99.9,	99.9,	99.9,	99.9,	99.9,	99.9,	78.7,	75.9
73.2,	99.9,	99.9,	99.9,	99.9,	99.9,	99.9,	99.9,	99.9,	99.9,	99.9,	99.9,	79.0,	76.2
73.4,	99.9,	99.9,	99.9,	99.9,	99.9,	99.9,	99.9,	99.9,	99.9,	99.9,	99.9,	79.2,	76.4
73.6,	99.9,	99.9,	99.9,	99.9,	99.9,	99.9,	99.9,	99.9,	99.9,	99.9,	99.9,	79.5,	76.6
73.8,	99.9,	99.9,	99.9,	99.9,	99.9,	99.9,	99.9,	99.9,	99.9,	99.9,	99.9,	79.7,	76.9
74.0,	99.9,	99.9,	99.9,	99.9,	99.9,	99.9,	99.9,	99.9,	99.9,	99.9,	99.9,	79.9,	77.1
74.2,	99.9,	99.9,	99.9,	99.9,	99.9,	99.9,	99.9,	99.9,	99.9,	99.9,	99.9,	80.2,	77.3
74.4,	99.9,	99.9,	99.9,	99.9,	99.9,	99.9,	99.9,	99.9,	99.9,	99.9,	99.9,	99.9,	77.6
74.6,	99.9,	99.9,	99.9,	99.9,	99.9,	99.9,	99.9,	99.9,	99.9,	99.9,	99.9,	99.9,	77.8
74.8,	99.9,	99.9,	99.9,	99.9,	99.9,	99.9,	99.9,	99.9,	99.9,	99.9,	99.9,	99.9,	78.0
75.0,	99.9,	99.9,	99.9,	99.9,	99.9,	99.9,	99.9,	99.9,	99.9,	99.9,	99.9,	99.9,	78.2
75.2,	99.9,	99.9,	99.9,	99.9,	99.9,	99.9,	99.9,	99.9,	99.9,	99.9,	99.9,	99.9,	78.5
75.4,	99.9,	99.9,	99.9,	99.9,	99.9,	99.9,	99.9,	99.9,	99.9,	99.9,	99.9,	99.9,	78.7
75.6,	99.9,	99.9,	99.9,	99.9,	99.9,	99.9,	99.9,	99.9,	99.9,	99.9,	99.9,	99.9,	78.9
75.8,	99.9,	99.9,	99.9,	99.9,	99.9,	99.9,	99.9,	99.9,	99.9,	99.9,	99.9,	99.9,	79.2
76.0,	99.9,	99.9,	99.9,	99.9,	99.9,	99.9,	99.9,	99.9,	99.9,	99.9,	99.9,	99.9,	79.4
76.2,	99.9,	99.9,	99.9,	99.9,	99.9,	99.9,	99.9,	99.9,	99.9,	99.9,	99.9,	99.9,	79.6
76.4,	99.9,	99.9,	99.9,	99.9,	99.9,	99.9,	99.9,	99.9,	99.9,	99.9,	99.9,	99.9,	79.8
76.6,	99.9,	99.9,	99.9,	99.9,	99.9,	99.9,	99.9,	99.9,	99.9,	99.9,	99.9,	99.9,	80.0