19.6,	10.2,	4.5,	4.5,	4.5,	4.5,	4.5,	4.5,	4.5,	4.5,	4.5,	4.5,	4.5,	4.5,	4.5,	4.5,
19.8,	10.4,	4.5,	4.5,	4.5,	4.5,	4.5,	4.5,	4.5,	4.5,	4.5,	4.5,	4.5,	4.5,	4.5,	4.5,
20.0,	10.7,	4.5,	4.5,	4.5,	4.5,	4.5,	4.5,	4.5,	4.5,	4.5,	4.5,	4.5,	4.5,	4.5,	4.5,
20.2,	10.9,	4.5,	4.5,	4.5,	4.5,	4.5,	4.5,	4.5,	4.5,	4.5,	4.5,	4.5,	4.5,	4.5,	4.5,
20.4,	11.1,	10.1,	4.5,	4.5,	4.5,	4.5,	4.5,	4.5,	4.5,	4.5,	4.5,	4.5,	4.5,	4.5,	4.5,
20.6,	11.4,	10.3,	4.5,	4.5,	4.5,	4.5,	4.5,	4.5,	4.5,	4.5,	4.5,	4.5,	4.5,	4.5,	4.5,
20.8,	11.7,	10.5,	4.5,	4.5,	4.5,	4.5,	4.5,	4.5,	4.5,	4.5,	4.5,	4.5,	4.5,	4.5,	4.5,
21.0,	11.9,	10.8,	10.0,	4.5,	4.5,	4.5,	4.5,	4.5,	4.5,	4.5,	4.5,	4.5,	4.5,	4.5,	4.5,
21.2,	12.2,	11.0,	10.2,	4.5,	4.5,	4.5,	4.5,	4.5,	4.5,	4.5,	4.5,	4.5,	4.5,	4.5,	4.5,
21.4,	12.4,	11.2,	10.5,	4.5,	4.5,	4.5,	4.5,	4.5,	4.5,	4.5,	4.5,	4.5,	4.5,	4.5,	4.5,
21.6,	12.7,	11.5,	10.7,	10.1,	4.5,	4.5,	4.5,	4.5,	4.5,	4.5,	4.5,	4.5,	4.5,	4.5,	4.5,
21.8,	13.0,	11.7,	10.9,	10.3,	4.5,	4.5,	4.5,	4.5,	4.5,	4.5,	4.5,	4.5,	4.5,	4.5,	4.5,
22.0,	13.2,	12.0,	11.1,	10.5,	10.1,	4.5,	4.5,	4.5,	4.5,	4.5,	4.5,	4.5,	4.5,	4.5,	4.5,
22.2,	13.5,	12.2,	11.4,	10.8,	10.3,	4.5,	4.5,	4.5,	4.5,	4.5,	4.5,	4.5,	4.5,	4.5,	4.5,
22.4,	13.8,	12.5,	11.6,	11.0,	10.5,	10.1,	4.5,	4.5,	4.5,	4.5,	4.5,	4.5,	4.5,	4.5,	4.5,
22.6,	14.1,	12.7,	11.9,	11.2,	10.7,	10.3,	10.0,	4.5,	4.5,	4.5,	4.5,	4.5,	4.5,	4.5,	4.5,
22.8,	14.4,	13.0,	12.1,	11.4,	10.9,	10.5,	10.2,	4.5,	4.5,	4.5,	4.5,	4.5,	4.5,	4.5,	4.5,
23.0,	14.7,	13.3,	12.3,	11.7,	11.2,	10.7,	10.4,	10.1,	4.5,	4.5,	4.5,	4.5,	4.5,	4.5,	4.5,
23.2,	14.9,	13.5,	12.6,	11.9,	11.4,	10.9,	10.6,	10.3,	10.0,	4.5,	4.5,	4.5,	4.5,	4.5,	4.5,
23.4,	15.2,	13.8,	12.8,	12.1,	11.6,	11.2,	10.8,	10.5,	10.2,	10.0,	4.5,	4.5,	4.5,	4.5,	4.5,
23.6,	15.5,	14.1,	13.1,	12.4,	11.8,	11.4,	11.0,	10.7,	10.4,	10.2,	10.0,	4.5,	4.5,	4.5,	4.5,
23.8,	15.8,	14.3,	13.3,	12.6,	12.1,	11.6,	11.2,	10.9,	10.6,	10.4,	10.1,	4.5,	4.5,	4.5,	4.5,
24.0,	16.2,	14.6,	13.6,	12.9,	12.3,	11.8,	11.4,	11.1,	10.8,	10.6,	10.3,	10.0,	4.5,	4.5,	4.5,
24.2,	16.5,	14.9,	13.9,	13.1,	12.5,	12.1,	11.7,	11.3,	11.0,	10.8,	10.5,	10.1,	4.5,	4.5,	4.5,
24.4,	16.8,	15.2,	14.1,	13.4,	12.8,	12.3,	11.9,	11.5,	11.2,	11.0,	10.7,	10.3,	10.0,	4.5,	4.5,
24.6,	17.1,	15.4,	14.4,	13.6,	13.0,	12.5,	12.1,	11.8,	11.5,	11.2,	10.9,	10.5,	10.2,	4.5,	4.5,
24.8,	17.4,	15.7,	14.7,	13.9,	13.2,	12.7,	12.3,	12.0,	11.7,	11.4,	11.1,	10.7,	10.4,	10.1,	4.5,
25.0,	17.7,	16.0,	14.9,	14.1,	13.5,	13.0,	12.6,	12.2,	11.9,	11.6,	11.4,	10.9,	10.6,	10.3,	10.0,
25.2,	18.1,	16.3,	15.2,	14.4,	13.7,	13.2,	12.8,	12.4,	12.1,	11.8,	11.6,	11.1,	10.8,	10.5,	10.2,
25.4,	18.4,	16.6,	15.5,	14.6,	14.0,	13.5,	13.0,	12.6,	12.3,	12.0,	11.8,	11.3,	11.0,	10.6,	10.4,
25.6,	18.7,	16.9,	15.8,	14.9,	14.2,	13.7,	13.3,	12.9,	12.5,	12.2,	12.0,	11.5,	11.2,	10.8,	10.6,
25.8,	19.0,	17.2,	16.0,	15.2,	14.5,	14.0,	13.5,	13.1,	12.8,	12.5,	12.2,	11.7,	11.4,	11.0,	10.7,
26.0,	19.4,	17.5,	16.3,	15.4,	14.8,	14.2,	13.7,	13.3,	13.0,	12.7,	12.4,	12.0,	11.6,	11.2,	10.9,
26.2,	19.7,	17.8,	16.6,	15.7,	15.0,	14.5,	14.0,	13.6,	13.2,	12.9,	12.6,	12.2,	11.8,	11.4,	11.1,
26.4,	20.1,	18.2,	16.9,	16.0,	15.3,	14.7,	14.2,	13.8,	13.5,	13.1,	12.9,	12.4,	12.0,	11.6,	11.3,
26.6,	20.4,	18.5,	17.2,	16.3,	15.5,	15.0,	14.5,	14.1,	13.7,	13.4,	13.1,	12.6,	12.2,	11.8,	11.5,
26.8,	20.8,	18.8,	17.5,	16.5,	15.8,	15.2,	14.7,	14.3,	13.9,	13.6,	13.3,	12.8,	12.4,	12.0,	11.7,
27.0,	21.1,	19.1,	17.8,	16.8,	16.1,	15.5,	15.0,	14.5,	14.2,	13.8,	13.5,	13.0,	12.6,	12.2,	11.9,
27.2,	21.5,	19.4,	18.1,	17.1,	16.4,	15.7,	15.2,	14.8,	14.4,	14.1,	13.8,	13.2,	12.8,	12.4,	12.1,
27.4,	21.9,	19.8,	18.4,	17.4,	16.6,	16.0,	15.5,	15.0,	14.6,	14.3,	14.0,	13.5,	13.0,	12.7,	12.3,
27.6,	22.2,	20.1,	18.7,	17.7,	16.9,	16.3,	15.7,	15.3,	14.9,	14.5,	14.2,	13.7,	13.2,	12.9,	12.5,
27.8,	22.6,	20.4,	19.0,	18.0,	17.2,	16.5,	16.0,	15.5,	15.1,	14.8,	14.5,	13.9,	13.5,	13.1,	12.7,
28.0,	23.0,	20.8,	19.3,	18.3,	17.5,	16.8,	16.3,	15.8,	15.4,	15.0,	14.7,	14.2,	13.7,	13.3,	13.0,
28.2,	23.3,	21.1,	19.6,	18.6,	17.8,	17.1,	16.5,	16.1,	15.6,	15.3,	14.9,	14.4,	13.9,	13.5,	13.2,
28.4,	23.7,	21.4,	20.0,	18.9,	18.0,	17.4,	16.8,	16.3,	15.9,	15.5,	15.2,	14.6,	14.1,	13.7,	13.4,
28.6,	24.1,	21.8,	20.3,	19.2,	18.3,	17.6,	17.1,	16.6,	16.2,	15.8,	15.4,	14.9,	14.4,	14.0,	13.6,
28.8,	24.5,	22.1,	20.6,	19.5,	18.6,	17.9,	17.3,	16.8,	16.4,	16.0,	15.7,	15.1,	14.6,	14.2,	13.8,
29.0,	24.9,	22.5,	20.9,	19.8,	18.9,	18.2,	17.6,	17.1,	16.7,	16.3,	15.9,	15.3,	14.8,	14.4,	14.0,
29.2,	25.3,	22.8,	21.3,	20.1,	19.2,	18.5,	17.9,	17.4,	16.9,	16.5,	16.2,	15.6,	15.1,	14.6,	14.3,
29.4,	25.7,	23.2,	21.6,	20.4,	19.5,	18.8,	18.2,	17.7,	17.2,	16.8,	16.4,	15.8,	15.3,	14.9,	14.5,
29.6,	26.1,	23.6,	21.9,	20.8,	19.8,	19.1,	18.5,	17.9,	17.5,	17.1,	16.7,	16.1,	15.5,	15.1,	14.7,
29.8,	26.5,	23.9,	22.3,	21.1,	20.1,	19.4,	18.8,	18.2,	17.7,	17.3,	17.0,	16.3,	15.8,	15.3,	14.9,
30.0,	26.9,	24.3,	22.6,	21.4,	20.5,	19.7,	19.0,	18.5,	18.0,	17.6,	17.2,	16.6,	16.0,	15.6,	15.2,
30.2,	27.3,	24.7,	23.0,	21.7,	20.8,	20.0,	19.3,	18.8,	18.3,	17.9,	17.5,	16.8,	16.3,	15.8,	15.4,
30.4,	27.7,	25.0,	23.3,	22.1,	21.1,	20.3,	19.6,	19.1,	18.6,	18.1,	17.7,	17.1,	16.5,	16.0,	15.6,
30.6,	28.1,	25.4,	23.7,	22.4,	21.4,	20.6,	19.9,	19.3,	18.8,	18.4,	18.0,	17.3,	16.8,	16.3,	15.9,
30.8,	28.5,	25.8,	24.0,	22.7,	21.7,	20.9,	20.2,	19.6,	19.1,	18.7,	18.3,	17.6,	17.0,	16.5,	16.1,
31.0,	29.0,	26.2,	24.4,	23.1,	22.0,	21.2,	20.5,	19.9,	19.4,	19.0,	18.6,	17.9,	17.3,	16.8,	16.3,
31.2,	29.4,	26.6,	24.7,	23.4,	22.4,	21.5,	20.8,	20.2,	19.7,	19.2,	18.8,	18.1,	17.5,	17.0,	16.6,
31.4,	29.8,	27.0,	25.1,	23.7,	22.7,	21.8,	21.1,	20.5,	20.0,	19.5,	19.1,	18.4,	17.8,	17.3,	16.8,
31.6,	30.3,	27.4,	25.5,	24.1,	23.0,	22.2,	21.4,	20.8,	20.3,	19.8,	19.4,	18.7,	18.0,	17.5,	17.1,
31.8,	30.7,	27.8,	25.8,	24.4,	23.4,	22.5,	21.7,	21.1,	20.6,	20.1,	19.7,	18.9,	18.3,	17.8,	17.3,
32.0,	31.1,	28.2,	26.2,	24.8,	23.7,	22.8,	22.1,	21.4,	20.9,	20.4,	19.9,	19.2,	18.6,	18.0,	17.6,
32.2,	31.6,	28.6,	26.6,	25.2,	24.0,	23.1,	22.4,	21.7,	21.2,	20.7,	20.2,	19.5,	18.8,	18.3,	17.8,
32.4,	32.0,	29.0,	27.0,	25.5,	24.4,	23.5,	22.7,	22.0,	21.5,	21.0,	20.5,	19.7,	19.1,	18.6,	18.1,
32.6,	32.5,	29.4,	27.3,	25.9,	24.7,	23.8,	23.0,	22.4,	21.8,	21.3,	20.8,	20.0,	19.4,	18.8,	18.3,
32.8,	32.9,	29.8,	27.7,	26.2,	25.1,	24.1,	23.3,	22.7,	22.1,	21.6,	21.1,	20.3,	19.6,	19.1,	18.6,
33.0,	33.4,	30.2,	28.1,	26.6,	25.4,	24.5,	23.7,	23.0,	22.4,	21.9,	21.4,	20.6,	19.9,	19.3,	18.8,
33.2,	33.9,	30.6,	28.5,	27.0,	25.8,	24.8,	24.0,	23.3,	22.7,	22.2,	21.7,	20.9,	20.2,	19.6,	19.1,
33.4,	34.3,	31.0,	28.9,	27.3,	26.1,	25.1,	24.3,	23.6,	23.0,	22.5,	22.0,	21.2,	20.5,	19.9,	19.4,
33.6,	34.8,	31.5,	29.3,	27.7,	26.5,	25.5,	24.7,	23.9,	23.3,	22.8,	22.3,	21.5,	20.8,	20.2,	19.6,
33.8,	35.3,	31.9,	29.7,	28.1,	26.9,	25.8,	25.0,	24.3,	23.6,	23.1,	22.6,	21.8,	21.0,	20.4,	19.9,
34.0,	35.8,	32.3,	30.1,	28.5,	27.2,	26.2,	25.3,	24.6,	24.0,	23.4,	22.9,	22.0,	21.3,	20.7,	20.2,
34.2,	36.2,	32.8,	30.5,	28.9,	27.6,	26.5,	25.7,	24.9,	24.3,	23.7,	23.2,	22.3,	21.6,	21.0,	20.4,
34.4,	36.7,	33.2,	30.9,	29.2,	28.0,	26.9,	26.0,	25.3,	24.6,	24.0,	23.5,	22.6,	21.9,	21.3,	20.7,
34.6,	37.2,	33.6,	31.3,	29.6,	28.3,	27.3,	26.4,	25.6,	24.9,	24.4,	23.8,	22.9,	22.2,	21.6,	21.0,
34.8,	37.7,	34.1,	31.7,	30.0,	28.7,	27.6,	26.7,	25.9,	25.3,	24.7,	24.2,	23.2,	22.5,	21.8,	21.3,
35.0,	38.2,	34.5,	32.2,	30.4,	29.1,	28.0,	27.1,	26.3,	25.6,	25.0,	24.5,	23.6,	22.8,	22.1,	21.6,
35.2,	38.7,	35.0,	32.6,	30.8,	29.5,	28.3,	27.4,	26.6,	25.9,	25.3,	24.8,	23.9,	23.1,	22.4,	21.8,
35.4,	39.2,	35.5,	33.0,	31.2,	29.8,	28.7,	27.8,	27.0,	26.3,	25.7,	25.1,	24.2,	23.4,	22.7,	22.1,
35.6,	39.7,	35.9,	33.4,	31.6,	30.2,	29.1,	28.1,	27.3,	26.6,	26.0,	25.4,	24.5,	23.7,	23.0,	22.4,
35.8,	40.2,	36.4,	33.9,	32.0,	30.6,	29.5,	28.5,	27.7,	27.0,	26.3,	25.8,	24.8,	24.0,	23.3,	22.7,
36.0,	40.7,	36.8,	34.3,	32.4,	31.0,	29.8,	28.9,	28.0,	27.3,	26.7,	26.1,	25.1,	24.3,	23.6,	23.0,
36.2,	41.3,	37.3,	34.7,	32.9,	31.4,	30.2,	29.2,	28.4,	27.7,	27.0,	26.4,	25.4,	24.6,	23.9,	23.3,
36.4,	41.8,	37.8,	35.2,	33.3,	31.8,	30.6,	29.6,	28.7,	28.0,	27.4,	26.8,	25.8,	24.9,	24.2,	23.6,
36.6,	42.3,	38.3,	35.6,	33.7,	32.2,	31.0,	30.0,	29.1,	28.4,	27.7,	27.1,	26.1,	25.2,	24.5,	23.9,
36.8,	42.8,	38.7,	36.1,	34.1,	32.6,	31.4,	30.4,	29.5,	28.7,	28.0,	27.4,	26.4,	25.5,	24.8,	24.2,
37.0,	43.4,	39.2,	36.5,	34.5,	33.0,	31.8,	30.7,	29.8,	29.1,	28.4,	27.8,	26.7,	25.9,	25.1,	24.5,
37.2,	43.9,	39.7,	37.0,	35.0,	33.1,	32.2,	31.1,	30.2,	29.4,	28.7,	28.1,	27.1,	26.2,	25.4,	24.8,
37.4,	44.5,	40.2,	37.4,	35.4,	33.8,	32.6,	31.5,	30.6,	29.8,	29.1,	28.5,	27.4,	26.5,	25.7,	25.1,
37.6,	45.0,	40.7,	37.9,	35.8,	34.2,	33.0,	31.9,	31.0,	30.2,	29.5,	28.8,	27.7,	26.8,	26.1,	25.4,
37.8,	45.5,	41.2,	38.3,	36.3,	34.7,	33.4,	32.3,	31.3,	30.5,	29.8,	29.2,	28.1,	27.2,	26.4,	25.7,
38.0,	46.1,	41.7,	38.8,	36.7,	35.1,	33.8,	32.7,	31.7,	30.9,	30.2,	29.5,	28.4,	27.5,	26.7,	26.0,
38.2,	46.6,	42.2,	39.3,	37.1,	35.5,	34.2,	33.1,	32.1,	31.3,	30.5,	29.9,	28.8,	27.8,	27.0,	26.3,
38.4,	47.2,	42.7,	39.7,	37.6,	35.9,	34.6,	33.4,	32.5,	31.6,	30.9,	30.2,	29.1,	28.2,	27.3,	26.6,
38.6,	47.8,	43.2,	40.2,	38.0,	36.4,	35.0,	33.8,	32.9,	32.0,	31.3,	30.6,	29.4,	28.5,	27.7,	27.0,
38.8,	48.3,	43.7,	40.7,	38.5,	36.8,	35.4,	34.2,	33.3,	32.6,	31.6,	31.0,	29.8,	28.8,	28.0,	27.3,
39.0,	48.9,	44.2,	41.2,	38.9,	37.2,	35.8,	34.7,	33.7,	32.8,	32.0,	31.3,	30.2,	29.2,	28.3,	27.6,
39.2,	49.5,	44.7,	41.7,	39.4,	37.7,	36.2,	35.1,	34.0,	33.2,	32.4,	31.7,	30.5,	29.5,	28.7,	27.9,
39.4,	66.6,	45.3,	42.1,	39.9,	38.1,	36.7,	35.5,	34.4,	33.6,	32.8,	32.1,	30.9,	29.9,	29.0,	28.2,
39.6,	66.6,	45.8,	42.6,	40.3,	38.5,	37.1,	35.9,	34.8,	33.9,	33.1,	32.4,	31.2,	30.2,	29.3,	28.6,
39.8,	66.6,	46.3,	43.1,	40.8,	39.0,	37.5,	36.3,	35.2,	34.3,	33.5,	32.8,	31.6,	30.5,	29.7,	28.9,
40.0,	66.6,	46.8,	43.6,	41.3,	39.4,	38.0,	36.7,	35.7,	34.7,	33.9,	33.2,	31.9,	30.9,	30.0,	29.2,
40.2,	66.6,	47.4,	44.1,	41.7,	39.9,	38.4,	37.1,	36.1,	35.1,	34.3,	33.6,	32.3,	31.3,	30.4,	29.6,
40.4,	66.6,	47.9,	44.6,	42.2,	40.3,	38.8,	37.6,	36.5,	35.5,	34.7,	34.0,	32.7,	31.6,	30.7,	29.9,
40.6,	66.6,	48.5,	45.1,	42.7,	40.8,	39.3,	38.0,	36.9,	35.9,	35.1,	34.3,	33.0,	32.0,	31.0,	30.2,
40.8,	66.6,	49.0,	45.6,	43.2,	41.3,	39.7,	38.4,	37.3,	36.3,	35.5,	34.7,	33.4,	32.3,	31.4,	30.6,
41.0,	66.6,	49.6,	46.1,	43.7,	41.7,	40.2,	38.8,	37.7,	36.7,	35.9,	35.1,	33.8,	32.7,	31.7,	30.9,
41.2,	66.6,	66.6,	46.7,	44.1,	42.2,	40.6,	39.3,	38.1,	37.2,	36.3,	35.5,	34.2,	33.1,	32.1,	31.3,
41.4,	66.6,	66.6,	47.2,	44.6,	42.7,	41.1,	39.7,	38.6,	37.6,	36.7,	35.9,	34.6,	33.4,	32.5,	31.6,
41.6,	66.6,	66.6,	47.7,	45.1,	43.1,	41.5,	40.1,	39.0,	38.0,	37.1,	36.3,	34.9,	33.8,	32.8,	32.0,
41.8,	66.6,	66.6,	48.2,	45.6,	43.6,	42.0,	40.6,	39.4,	38.4,	37.5,	36.7,	35.3,	34.2,	33.2,	32.3,
42.0,	66.6,	66.6,	48.8,	46.1,	44.1,	42.4,	41.0,	39.9,	38.8,	37.9,	37.1,	35.7,	34.5,	33.5,	32.7,
42.2,	66.6,	66.6,	49.3,	46.6,	44.6,	42.9,	41.5,	40.3,	39.2,	38.3,	37.5,	36.1,	34.9,	33.9,	33.0,
42.4,	66.6,	66.6,	49.8,	47.1,	45.0,	43.3,	41.9,	40.7,	39.7,	38.7,	37.9,	36.5,	35.3,	34.3,	33.4,
42.6,	66.6,	66.6,	66.6,	47.6,	45.5,	43.8,	42.4,	41.2,	40.1,	39.2,	38.3,	36.9,	35.7,	34.6,	33.8,
42.8,	66.6,	66.6,	66.6,	48.2,	46.0,	44.3,	42.8,	41.6,	40.5,	39.6,	38.7,	37.3,	36.1,	35.0,	34.1,
43.0,	66.6,	66.6,	66.6,	48.7,	46.5,	44.8,	43.3,	42.1,	41.0,	40.0,	39.1,	37.7,	36.4,	35.4,	34.5,
43.2,	66.6,	66.6,	66.6,	49.2,	47.0,	45.2,	43.8,	42.5,	41.4,	40.4,	39.6,	38.1,	36.8,	35.8,	34.8,
43.4,	66.6,	66.6,	66.6,	49.7,	47.5,	45.7,	44.2,	42.9,	41.8,	40.9,	40.0,	38.5,	37.2,	36.2,	35.2,
43.6,	66.6,	66.6,	66.6,	66.6,	48.0,	46.2,	44.7,	43.4,	42.3,	41.3,	40.4,	38.9,	37.6,	36.5,	35.6,
43.8,	66.6,	66.6,	66.6,	66.6,	48.5,	46.7,	45.2,	43.9,	42.7,	41.7,	40.8,	39.3,	38.0,	36.9,	36.0,
44.0,	66.6,	66.6,	66.6,	66.6,	49.0,	47.2,	45.6,	44.3,	43.2,	42.2,	41.3,	39.7,	38.4,	37.3,	36.3,
44.2,	66.6,	66.6,	66.6,	66.6,	49.5,	47.7,	46.1,	44.8,	43.6,	42.6,	41.7,	40.1,	38.8,	37.7,	36.7,
44.4,	66.6,	66.6,	66.6,	66.6,	66.6,	48.2,	46.6,	45.2,	44.1,	43.0,	42.1,	40.5,	39.2,	38.1,	37.1,
44.6,	66.6,	66.6,	66.6,	66.6,	66.6,	48.7,	47.1,	45.7,	44.5,	43.5,	42.6,	41.0,	39.6,	38.5,	37.5,
44.8,	66.6,	66.6,	66.6,	66.6,	66.6,	49.2,	47.5,	46.2,	45.0,	43.9,	43.0,	41.4,	40.0,	38.9,	37.9,
45.0,	66.6,	66.6,	66.6,	66.6,	66.6,	49.7,	48.0,	46.6,	45.4,	44.4,	43.4,	41.8,	40.4,	39.3,	38.2,
45.2,	66.6,	66.6,	66.6,	66.6,	66.6,	66.6,	48.5,	47.1,	45.9,	44.8,	43.9,	42.2,	40.8,	39.7,	38.6,
45.4,	66.6,	66.6,	66.6,	66.6,	66.6,	66.6,	49.0,	47.6,	46.4,	45.3,	44.3,	42.6,	41.3,	40.1,	39.0,
45.6,	66.6,	66.6,	66.6,	66.6,	66.6,	66.6,	49.5,	48.1,	46.8,	45.7,	44.8,	43.1,	41.7,	40.5,	39.4,
45.8,	66.6,	66.6,	66.6,	66.6,	66.6,	66.6,	66.6,	48.6,	47.3,	46.2,	45.2,	43.5,	42.1,	40.9,	39.8,
46.0,	66.6,	66.6,	66.6,	66.6,	66.6,	66.6,	66.6,	49.0,	47.8,	46.7,	45.7,	43.9,	42.5,	41.3,	40.2,
46.2,	66.6,	66.6,	66.6,	66.6,	66.6,	66.6,	66.6,	49.5,	48.3,	47.1,	46.1,	44.4,	42.9,	41.7,	40.6,
46.4,	66.6,	66.6,	66.6,	66.6,	66.6,	66.6,	66.6,	66.6,	48.7,	47.6,	46.6,	44.8,	43.4,	42.1,	41.0,
46.6,	66.6,	66.6,	66.6,	66.6,	66.6,	66.6,	66.6,	66.6,	49.2,	48.1,	47.0,	45.3,	43.8,	42.5,	41.4,
46.8,	66.6,	66.6,	66.6,	66.6,	66.6,	66.6,	66.6,	66.6,	49.7,	48.5,	47.5,	45.7,	44.2,	42.9,	41.8,
47.0,	66.6,	66.6,	66.6,	66.6,	66.6,	66.6,	66.6,	66.6,	66.6,	49.0,	48.0,	46.2,	44.6,	43.4,	42.2,
47.2,	66.6,	66.6,	66.6,	66.6,	66.6,	66.6,	66.6,	66.6,	66.6,	49.5,	48.4,	46.6,	45.1,	43.8,	42.7,
47.4,	66.6,	66.6,	66.6,	66.6,	66.6,	66.6,	66.6,	66.6,	66.6,	66.6,	48.9,	47.1,	45.5,	44.2,	43.1,
47.6,	66.6,	66.6,	66.6,	66.6,	66.6,	66.6,	66.6,	66.6,	66.6,	66.6,	49.4,	47.5,	46.0,	44.6,	43.5,
47.8,	66.6,	66.6,	66.6,	66.6,	66.6,	66.6,	66.6,	66.6,	66.6,	66.6,	49.8,	48.0,	46.4,	45.1,	43.9,
48.0,	66.6,	66.6,	66.6,	66.6,	66.6,	66.6,	66.6,	66.6,	66.6,	66.6,	66.6,	48.4,	46.8,	45.5,	44.3,
48.2,	66.6,	66.6,	66.6,	66.6,	66.6,	66.6,	66.6,	66.6,	66.6,	66.6,	66.6,	48.9,	47.3,	45.9,	44.7,
48.4,	66.6,	66.6,	66.6,	66.6,	66.6,	66.6,	66.6,	66.6,	66.6,	66.6,	66.6,	49.4,	47.7,	46.4,	45.2,
48.6,	66.6,	66.6,	66.6,	66.6,	66.6,	66.6,	66.6,	66.6,	66.6,	66.6,	66.6,	49.8,	48.2,	46.8,	45.6,
48.8,	66.6,	66.6,	66.6,	66.6,	66.6,	66.6,	66.6,	66.6,	66.6,	66.6,	66.6,	66.6,	48.6,	47.2,	46.0,
49.0,	66.6,	66.6,	66.6,	66.6,	66.6,	66.6,	66.6,	66.6,	66.6,	66.6,	66.6,	66.6,	49.1,	47.7,	46.5,
49.2,	66.6,	66.6,	66.6,	66.6,	66.6,	66.6,	66.6,	66.6,	66.6,	66.6,	66.6,	66.6,	49.6,	48.1,	46.9,
49.4,	66.6,	66.6,	66.6,	66.6,	66.6,	66.6,	66.6,	66.6,	66.6,	66.6,	66.6,	66.6,	66.6,	48.6,	47.3,